x <- 34534
x
